Summary statistics of imputed CRRA
---------------------------------------------------------------------------------------------------------------
                                                                                                               
                             1994         2002         2004         2006         2010         2012        Total
---------------------------------------------------------------------------------------------------------------
IMPUTED_CRRA_1               1.34         1.39         1.38         1.43         1.40         1.27         1.37
                           (0.83)       (0.93)       (0.88)       (0.89)       (0.85)       (0.49)       (0.87)

IMPUTED_CRRA_4               1.28         0.95         0.92         0.93         1.30         0.84         1.09
                           (0.80)       (0.64)       (0.58)       (0.60)       (0.84)       (0.40)       (0.73)
---------------------------------------------------------------------------------------------------------------
Observations                 6905                                                                              
---------------------------------------------------------------------------------------------------------------
